1.0348299319727892	1.0348299319727892	
1.5464399092970522	1.5464399092970522	
1.8348299319727892	1.8348299319727892	
2.034829931972789	2.034829931972789	
2.734829931972789	2.734829931972789	
2.9928798185941043	2.9928798185941043	
3.446439909297052	3.446439909297052	
3.8928798185941043	3.8928798185941043	
4.1696598639455775	4.1696598639455775	
4.458049886621316	4.458049886621316	
4.769659863945578	4.769659863945578	
4.892879818594104	4.892879818594104	
5.358049886621315	5.358049886621315	
5.792879818594105	5.792879818594105	
6.234829931972789	6.234829931972789	
6.534829931972789	6.534829931972789	
6.834829931972789	6.834829931972789	
7.492879818594105	7.492879818594105	
7.769659863945578	7.769659863945578	
8.269659863945577	8.269659863945577	
8.634829931972789	8.634829931972789	
8.981269841269842	8.981269841269842	
9.281269841269841	9.281269841269841	
9.581269841269842	9.581269841269842	
10.146439909297051	10.146439909297051	
10.634829931972789	10.634829931972789	
10.93482993197279	10.93482993197279	
11.081269841269842	11.081269841269842	
11.358049886621316	11.358049886621316	
11.669659863945578	11.669659863945578	
12.046439909297051	12.046439909297051	
12.292879818594104	12.292879818594104	
12.581269841269842	12.581269841269842	
13.034829931972789	13.034829931972789	
13.492879818594105	13.492879818594105	
13.769659863945577	13.769659863945577	
14.069659863945578	14.069659863945578	
14.981269841269842	14.981269841269842	
15.481269841269842	15.481269841269842	
15.946439909297052	15.946439909297052	
16.23482993197279	16.23482993197279	
19.16965986394558	19.16965986394558	
19.792879818594102	19.792879818594102	
20.23482993197279	20.23482993197279	
20.958049886621314	20.958049886621314	
21.269659863945577	21.269659863945577	
21.858049886621316	21.858049886621316	
21.98126984126984	21.98126984126984	
22.158049886621317	22.158049886621317	
22.33482993197279	22.33482993197279	
22.646439909297055	22.646439909297055	
23.069659863945578	23.069659863945578	
23.38126984126984	23.38126984126984	
23.658049886621317	23.658049886621317	
23.9928798185941	23.9928798185941	
24.592879818594103	24.592879818594103	
25.069659863945578	25.069659863945578	
25.53482993197279	25.53482993197279	
26.73482993197279	26.73482993197279	
26.958049886621314	26.958049886621314	
27.44643990929705	27.44643990929705	
27.88126984126984	27.88126984126984	
28.158049886621317	28.158049886621317	
28.48126984126984	28.48126984126984	
28.792879818594102	28.792879818594102	
29.346439909297054	29.346439909297054	
30.269659863945577	30.269659863945577	
30.546439909297053	30.546439909297053	
30.858049886621316	30.858049886621316	
31.469659863945576	31.469659863945576	
31.746439909297052	31.746439909297052	
32.24643990929705	32.24643990929705	
32.69287981859411	32.69287981859411	
32.934829931972786	32.934829931972786	
33.258049886621315	33.258049886621315	
33.45804988662131	33.45804988662131	
33.63482993197279	33.63482993197279	
34.23482993197279	34.23482993197279	
34.65804988662131	34.65804988662131	
35.081269841269844	35.081269841269844	
35.38126984126984	35.38126984126984	
35.65804988662131	35.65804988662131	
35.98126984126984	35.98126984126984	
36.269659863945584	36.269659863945584	
36.56965986394558	36.56965986394558	
36.73482993197279	36.73482993197279	
37.73482993197279	37.73482993197279	
37.95804988662131	37.95804988662131	
38.03482993197279	38.03482993197279	
38.13482993197279	38.13482993197279	
38.434829931972786	38.434829931972786	
39.05804988662131	39.05804988662131	
39.492879818594105	39.492879818594105	
39.96965986394558	39.96965986394558	
40.03482993197279	40.03482993197279	
40.55804988662131	40.55804988662131	
40.84643990929705	40.84643990929705	
41.13482993197279	41.13482993197279	
41.434829931972786	41.434829931972786	
41.85804988662131	41.85804988662131	
42.15804988662131	42.15804988662131	
42.54643990929705	42.54643990929705	
43.23482993197279	43.23482993197279	
43.78126984126985	43.78126984126985	
44.23482993197279	44.23482993197279	
44.55804988662131	44.55804988662131	
44.69287981859411	44.69287981859411	
44.94643990929705	44.94643990929705	
45.29287981859411	45.29287981859411	
45.8928798185941	45.8928798185941	
46.19287981859411	46.19287981859411	
46.65804988662131	46.65804988662131	
46.94643990929705	46.94643990929705	
47.092879818594106	47.092879818594106	
47.36965986394558	47.36965986394558	
47.681269841269845	47.681269841269845	
47.98126984126984	47.98126984126984	
48.56965986394558	48.56965986394558	
49.03482993197279	49.03482993197279	
49.35804988662131	49.35804988662131	
49.434829931972786	49.434829931972786	
49.769659863945584	49.769659863945584	
50.081269841269844	50.081269841269844	
50.681269841269845	50.681269841269845	
50.934829931972786	50.934829931972786	
51.434829931972786	51.434829931972786	
51.74643990929705	51.74643990929705	
51.8928798185941	51.8928798185941	
52.181269841269845	52.181269841269845	
52.48126984126984	52.48126984126984	
52.78126984126985	52.78126984126985	
53.35804988662131	53.35804988662131	
53.834829931972784	53.834829931972784	
54.14643990929705	54.14643990929705	
54.23482993197279	54.23482993197279	
54.55804988662131	54.55804988662131	
54.86965986394558	54.86965986394558	
55.48126984126984	55.48126984126984	
55.79287981859411	55.79287981859411	
56.258049886621315	56.258049886621315	
56.581269841269844	56.581269841269844	
56.73482993197279	56.73482993197279	
57.03482993197279	57.03482993197279	
57.16965986394558	57.16965986394558	
57.334829931972784	57.334829931972784	
58.35804988662131	58.35804988662131	
58.66965986394558	58.66965986394558	
58.98126984126984	58.98126984126984	
59.13482993197279	59.13482993197279	
59.28126984126985	59.28126984126985	
59.64643990929705	59.64643990929705	
60.15804988662131	60.15804988662131	
60.23482993197279	60.23482993197279	
60.44643990929705	60.44643990929705	
60.592879818594106	60.592879818594106	
60.834829931972784	60.834829931972784	
61.06965986394558	61.06965986394558	
61.48126984126984	61.48126984126984	
61.63482993197279	61.63482993197279	
61.78126984126985	61.78126984126985	
62.06965986394558	62.06965986394558	
62.36965986394558	62.36965986394558	
62.492879818594105	62.492879818594105	
62.65804988662131	62.65804988662131	
62.834829931972784	62.834829931972784	
63.13482993197279	63.13482993197279	
63.46965986394558	63.46965986394558	
63.63482993197279	63.63482993197279	
63.934829931972786	63.934829931972786	
64.05804988662132	64.05804988662132	
64.2348299319728	64.2348299319728	
64.5348299319728	64.5348299319728	
64.76965986394558	64.76965986394558	
64.96965986394558	64.96965986394558	
65.0348299319728	65.0348299319728	
65.25804988662132	65.25804988662132	
65.5928798185941	65.5928798185941	
65.86965986394557	65.86965986394557	
66.05804988662132	66.05804988662132	
66.34643990929705	66.34643990929705	
66.65804988662131	66.65804988662131	
66.76965986394558	66.76965986394558	
66.95804988662132	66.95804988662132	
67.24643990929705	67.24643990929705	
68.48126984126985	68.48126984126985	
68.74643990929705	68.74643990929705	
69.05804988662132	69.05804988662132	
69.64643990929704	69.64643990929704	
69.95804988662132	69.95804988662132	
70.2348299319728	70.2348299319728	
70.38126984126984	70.38126984126984	
70.5348299319728	70.5348299319728	
70.83482993197279	70.83482993197279	
71.13482993197279	71.13482993197279	
71.4348299319728	71.4348299319728	
71.63482993197279	71.63482993197279	
72.0348299319728	72.0348299319728	
72.63482993197279	72.63482993197279	
72.76965986394558	72.76965986394558	
72.9348299319728	72.9348299319728	
73.1928798185941	73.1928798185941	
73.7348299319728	73.7348299319728	
73.95804988662132	73.95804988662132	
74.26965986394558	74.26965986394558	
74.33482993197279	74.33482993197279	
75.0348299319728	75.0348299319728	
75.1928798185941	75.1928798185941	
75.33482993197279	75.33482993197279	
75.63482993197279	75.63482993197279	
75.94643990929706	75.94643990929706	
76.2348299319728	76.2348299319728	
76.35804988662132	76.35804988662132	
76.4928798185941	76.4928798185941	
76.64643990929704	76.64643990929704	
76.83482993197279	76.83482993197279	
77.4348299319728	77.4348299319728	
77.85804988662132	77.85804988662132	
78.13482993197279	78.13482993197279	
78.2928798185941	78.2928798185941	
78.54643990929705	78.54643990929705	
78.85804988662132	78.85804988662132	
79.16965986394557	79.16965986394557	
79.34643990929705	79.34643990929705	
79.48126984126985	79.48126984126985	
79.78126984126985	79.78126984126985	
80.13482993197279	80.13482993197279	
80.2348299319728	80.2348299319728	
80.36965986394557	80.36965986394557	
80.4348299319728	80.4348299319728	
80.63482993197279	80.63482993197279	
80.7348299319728	80.7348299319728	
80.94643990929706	80.94643990929706	
81.26965986394558	81.26965986394558	
81.55804988662132	81.55804988662132	
82.18126984126984	82.18126984126984	
82.45804988662132	82.45804988662132	
82.63482993197279	82.63482993197279	
82.7348299319728	82.7348299319728	
83.08126984126984	83.08126984126984	
83.35804988662132	83.35804988662132	
83.66965986394557	83.66965986394557	
84.13482993197279	84.13482993197279	
84.28126984126985	84.28126984126985	
84.56965986394557	84.56965986394557	
84.88126984126984	84.88126984126984	
85.0348299319728	85.0348299319728	
85.13482993197279	85.13482993197279	
85.36965986394557	85.36965986394557	
85.7348299319728	85.7348299319728	
86.08126984126984	86.08126984126984	
86.38126984126984	86.38126984126984	
86.66965986394557	86.66965986394557	
86.9928798185941	86.9928798185941	
87.2928798185941	87.2928798185941	
87.4928798185941	87.4928798185941	
87.63482993197279	87.63482993197279	
87.7348299319728	87.7348299319728	
87.9348299319728	87.9348299319728	
88.15804988662131	88.15804988662131	
88.48126984126985	88.48126984126985	
88.75804988662132	88.75804988662132	
88.9348299319728	88.9348299319728	
89.0928798185941	89.0928798185941	
89.3928798185941	89.3928798185941	
89.65804988662131	89.65804988662131	
89.98126984126985	89.98126984126985	
90.13482993197279	90.13482993197279	
90.2928798185941	90.2928798185941	
90.55804988662132	90.55804988662132	
90.9348299319728	90.9348299319728	
91.2348299319728	91.2348299319728	
91.78126984126985	91.78126984126985	
92.0348299319728	92.0348299319728	
92.25804988662132	92.25804988662132	
92.4348299319728	92.4348299319728	
92.54643990929705	92.54643990929705	
92.6928798185941	92.6928798185941	
92.84643990929705	92.84643990929705	
92.95804988662132	92.95804988662132	
93.2928798185941	93.2928798185941	
93.56965986394557	93.56965986394557	
93.63482993197279	93.63482993197279	
93.8928798185941	93.8928798185941	
94.16965986394557	94.16965986394557	
94.48126984126985	94.48126984126985	
94.78126984126985	94.78126984126985	
94.9348299319728	94.9348299319728	
95.08126984126984	95.08126984126984	
95.35804988662132	95.35804988662132	
95.66965986394557	95.66965986394557	
95.9928798185941	95.9928798185941	
96.26965986394558	96.26965986394558	
96.5928798185941	96.5928798185941	
96.9348299319728	96.9348299319728	
97.0928798185941	97.0928798185941	
97.5348299319728	97.5348299319728	
97.83482993197279	97.83482993197279	
98.4348299319728	98.4348299319728	
98.9348299319728	98.9348299319728	
99.2928798185941	99.2928798185941	
99.48126984126985	99.48126984126985	
100.18126984126984	100.18126984126984	
100.7348299319728	100.7348299319728	
101.0928798185941	101.0928798185941	
101.36965986394557	101.36965986394557	
101.68126984126984	101.68126984126984	
101.85804988662132	101.85804988662132	
101.9928798185941	101.9928798185941	
102.28126984126985	102.28126984126985	
102.55804988662132	102.55804988662132	
102.8928798185941	102.8928798185941	
103.15804988662131	103.15804988662131	
103.48126984126985	103.48126984126985	
103.63482993197279	103.63482993197279	
103.76965986394558	103.76965986394558	
104.0928798185941	104.0928798185941	
104.3928798185941	104.3928798185941	
104.7348299319728	104.7348299319728	
105.33482993197279	105.33482993197279	
105.63482993197279	105.63482993197279	
105.8928798185941	105.8928798185941	
106.1928798185941	106.1928798185941	
106.5348299319728	106.5348299319728	
106.83482993197279	106.83482993197279	
107.13482993197279	107.13482993197279	
107.4348299319728	107.4348299319728	
108.0348299319728	108.0348299319728	
108.28126984126985	108.28126984126985	
108.33482993197279	108.33482993197279	
108.56965986394557	108.56965986394557	
108.83482993197279	108.83482993197279	
109.16965986394557	109.16965986394557	
109.36965986394557	109.36965986394557	
109.4348299319728	109.4348299319728	
109.78126984126985	109.78126984126985	
110.0348299319728	110.0348299319728	
110.4348299319728	110.4348299319728	
110.68126984126984	110.68126984126984	
110.98126984126985	110.98126984126985	
112.7928798185941	112.7928798185941	
113.4348299319728	113.4348299319728	
114.04643990929705	114.04643990929705	
114.63482993197279	114.63482993197279	
115.24643990929705	115.24643990929705	
115.5348299319728	115.5348299319728	
115.83482993197279	115.83482993197279	
116.0348299319728	116.0348299319728	
116.13482993197279	116.13482993197279	
116.28126984126985	116.28126984126985	
116.58126984126984	116.58126984126984	
116.63482993197279	116.63482993197279	
116.7348299319728	116.7348299319728	
116.96965986394558	116.96965986394558	
117.33482993197279	117.33482993197279	
117.55804988662132	117.55804988662132	
117.75804988662132	117.75804988662132	
117.9348299319728	117.9348299319728	
118.15804988662131	118.15804988662131	
118.4928798185941	118.4928798185941	
118.66965986394557	118.66965986394557	
118.95804988662132	118.95804988662132	
119.13482993197279	119.13482993197279	
119.25804988662132	119.25804988662132	
119.4348299319728	119.4348299319728	
119.56965986394557	119.56965986394557	
119.68126984126984	119.68126984126984	
119.84643990929705	119.84643990929705	
119.9348299319728	119.9348299319728	
120.28126984126985	120.28126984126985	
120.5928798185941	120.5928798185941	
120.83482993197279	120.83482993197279	
121.06965986394557	121.06965986394557	
121.18126984126984	121.18126984126984	
121.33482993197279	121.33482993197279	
121.48126984126985	121.48126984126985	
121.63482993197279	121.63482993197279	
122.06965986394557	122.06965986394557	
122.4348299319728	122.4348299319728	
122.63482993197279	122.63482993197279	
123.28126984126985	123.28126984126985	
123.46965986394558	123.46965986394558	
123.5348299319728	123.5348299319728	
123.63482993197279	123.63482993197279	
123.76965986394558	123.76965986394558	
124.05804988662132	124.05804988662132	
124.46965986394558	124.46965986394558	
124.78126984126985	124.78126984126985	
125.04643990929705	125.04643990929705	
125.36965986394557	125.36965986394557	
125.66965986394557	125.66965986394557	
125.83482993197279	125.83482993197279	
125.96965986394558	125.96965986394558	
126.14643990929704	126.14643990929704	
126.2348299319728	126.2348299319728	
126.5348299319728	126.5348299319728	
126.88126984126984	126.88126984126984	
127.1928798185941	127.1928798185941	
127.48126984126985	127.48126984126985	
127.78126984126985	127.78126984126985	
128.08126984126983	128.08126984126983	
128.2580498866213	128.2580498866213	
128.3928798185941	128.3928798185941	
128.5696598639456	128.5696598639456	
128.73482993197277	128.73482993197277	
128.85804988662133	128.85804988662133	
129.23482993197277	129.23482993197277	
129.34643990929706	129.34643990929706	
129.48126984126984	129.48126984126984	
129.64643990929704	129.64643990929704	
130.43482993197279	130.43482993197279	
130.73482993197277	130.73482993197277	
130.9696598639456	130.9696598639456	
131.13482993197277	131.13482993197277	
131.3696598639456	131.3696598639456	
131.73482993197277	131.73482993197277	
131.88126984126984	131.88126984126984	
132.03482993197278	132.03482993197278	
132.16965986394558	132.16965986394558	
132.23482993197277	132.23482993197277	
132.45804988662132	132.45804988662132	
132.53482993197278	132.53482993197278	
132.63482993197277	132.63482993197277	
132.76965986394558	132.76965986394558	
132.8348299319728	132.8348299319728	
132.93482993197279	132.93482993197279	
133.0696598639456	133.0696598639456	
133.23482993197277	133.23482993197277	
133.35804988662133	133.35804988662133	
133.53482993197278	133.53482993197278	
133.64643990929704	133.64643990929704	
133.73482993197277	133.73482993197277	
133.8348299319728	133.8348299319728	
133.9696598639456	133.9696598639456	
134.23482993197277	134.23482993197277	
134.43482993197279	134.43482993197279	
134.73482993197277	134.73482993197277	
135.03482993197278	135.03482993197278	
135.78126984126982	135.78126984126982	
136.53482993197278	136.53482993197278	
137.63482993197277	137.63482993197277	
137.88126984126984	137.88126984126984	
138.18126984126982	138.18126984126982	
138.55804988662132	138.55804988662132	
138.8348299319728	138.8348299319728	
139.1580498866213	139.1580498866213	
139.45804988662132	139.45804988662132	
139.76965986394558	139.76965986394558	
140.0696598639456	140.0696598639456	
140.2580498866213	140.2580498866213	
140.35804988662133	140.35804988662133	
140.55804988662132	140.55804988662132	
140.63482993197277	140.63482993197277	
140.9696598639456	140.9696598639456	
141.28126984126982	141.28126984126982	
141.58126984126983	141.58126984126983	
141.8696598639456	141.8696598639456	
141.93482993197279	141.93482993197279	
142.18126984126982	142.18126984126982	
142.43482993197279	142.43482993197279	
142.73482993197277	142.73482993197277	
142.93482993197279	142.93482993197279	
143.0696598639456	143.0696598639456	
143.3348299319728	143.3348299319728	
143.53482993197278	143.53482993197278	
143.63482993197277	143.63482993197277	
144.03482993197278	144.03482993197278	
144.28126984126982	144.28126984126982	
144.53482993197278	144.53482993197278	
144.8928798185941	144.8928798185941	
145.0696598639456	145.0696598639456	
145.3696598639456	145.3696598639456	
145.76965986394558	145.76965986394558	
146.03482993197278	146.03482993197278	
146.3928798185941	146.3928798185941	
146.66965986394558	146.66965986394558	
146.9928798185941	146.9928798185941	
147.28126984126982	147.28126984126982	
147.45804988662132	147.45804988662132	
147.5928798185941	147.5928798185941	
147.7580498866213	147.7580498866213	
147.8348299319728	147.8348299319728	
148.13482993197277	148.13482993197277	
148.7928798185941	148.7928798185941	
149.05804988662132	149.05804988662132	
149.13482993197277	149.13482993197277	
149.63482993197277	149.63482993197277	
149.73482993197277	149.73482993197277	
150.18126984126982	150.18126984126982	
150.3348299319728	150.3348299319728	
150.8928798185941	150.8928798185941	
151.23482993197277	151.23482993197277	
151.43482993197279	151.43482993197279	
151.73482993197277	151.73482993197277	
152.0928798185941	152.0928798185941	
152.23482993197277	152.23482993197277	
152.3928798185941	152.3928798185941	
152.9928798185941	152.9928798185941	
153.3348299319728	153.3348299319728	
153.63482993197277	153.63482993197277	
153.93482993197279	153.93482993197279	
154.23482993197277	154.23482993197277	
154.53482993197278	154.53482993197278	
154.73482993197277	154.73482993197277	
155.03482993197278	155.03482993197278	
155.13482993197277	155.13482993197277	
155.73482993197277	155.73482993197277	
156.04643990929705	156.04643990929705	
156.28126984126982	156.28126984126982	
156.58126984126983	156.58126984126983	
156.8928798185941	156.8928798185941	
157.0928798185941	157.0928798185941	
157.38126984126984	157.38126984126984	
157.43482993197279	157.43482993197279	
160.84643990929706	160.84643990929706	
160.95804988662132	160.95804988662132	
161.0696598639456	161.0696598639456	
161.3348299319728	161.3348299319728	
161.53482993197278	161.53482993197278	
161.68126984126982	161.68126984126982	
162.03482993197278	162.03482993197278	
162.16965986394558	162.16965986394558	
162.4696598639456	162.4696598639456	
162.73482993197277	162.73482993197277	
162.8348299319728	162.8348299319728	
162.93482993197279	162.93482993197279	
163.03482993197278	163.03482993197278	
163.13482993197277	163.13482993197277	
163.53482993197278	163.53482993197278	
163.74643990929704	163.74643990929704	
164.03482993197278	164.03482993197278	
164.55804988662132	164.55804988662132	
164.94643990929706	164.94643990929706	
165.28126984126982	165.28126984126982	
165.64643990929704	165.64643990929704	
165.93482993197279	165.93482993197279	
166.16965986394558	166.16965986394558	
166.43482993197279	166.43482993197279	
166.66965986394558	166.66965986394558	
166.95804988662132	166.95804988662132	
167.0928798185941	167.0928798185941	
167.6580498866213	167.6580498866213	
167.84643990929706	167.84643990929706	
167.9928798185941	167.9928798185941	
168.23482993197277	168.23482993197277	
168.55804988662132	168.55804988662132	
168.8928798185941	168.8928798185941	
169.0928798185941	169.0928798185941	
169.38126984126984	169.38126984126984	
169.53482993197278	169.53482993197278	
169.78126984126982	169.78126984126982	
170.0928798185941	170.0928798185941	
170.43482993197279	170.43482993197279	
170.68126984126982	170.68126984126982	
170.9696598639456	170.9696598639456	
171.2928798185941	171.2928798185941	
171.48126984126984	171.48126984126984	
171.53482993197278	171.53482993197278	
171.8348299319728	171.8348299319728	
172.16965986394558	172.16965986394558	
172.4928798185941	172.4928798185941	
172.74643990929704	172.74643990929704	
173.0928798185941	173.0928798185941	
173.3696598639456	173.3696598639456	
173.64643990929704	173.64643990929704	
173.88126984126984	173.88126984126984	
173.93482993197279	173.93482993197279	
174.18126984126982	174.18126984126982	
174.3348299319728	174.3348299319728	
174.55804988662132	174.55804988662132	
174.8348299319728	174.8348299319728	
175.13482993197277	175.13482993197277	
175.76965986394558	175.76965986394558	
176.04643990929705	176.04643990929705	
176.23482993197277	176.23482993197277	
176.3348299319728	176.3348299319728	
176.5696598639456	176.5696598639456	
176.63482993197277	176.63482993197277	
176.73482993197277	176.73482993197277	
176.95804988662132	176.95804988662132	
177.26965986394558	177.26965986394558	
177.54643990929705	177.54643990929705	
178.16965986394558	178.16965986394558	
178.48126984126984	178.48126984126984	
178.78126984126982	178.78126984126982	
178.93482993197279	178.93482993197279	
179.08126984126983	179.08126984126983	
179.34643990929706	179.34643990929706	
179.6928798185941	179.6928798185941	
179.98126984126984	179.98126984126984	
180.28126984126982	180.28126984126982	
180.5928798185941	180.5928798185941	
180.8928798185941	180.8928798185941	
181.1928798185941	181.1928798185941	
181.35804988662133	181.35804988662133	
181.43482993197279	181.43482993197279	
181.78126984126982	181.78126984126982	
182.08126984126983	182.08126984126983	
182.3928798185941	182.3928798185941	
182.68126984126982	182.68126984126982	
183.3348299319728	183.3348299319728	
183.63482993197277	183.63482993197277	
183.8928798185941	183.8928798185941	
184.23482993197277	184.23482993197277	
184.4928798185941	184.4928798185941	
184.76965986394558	184.76965986394558	
185.13482993197277	185.13482993197277	
185.73482993197277	185.73482993197277	
186.03482993197278	186.03482993197278	
186.23482993197277	186.23482993197277	
186.58126984126983	186.58126984126983	
186.8928798185941	186.8928798185941	
187.13482993197277	187.13482993197277	
187.4928798185941	187.4928798185941	
187.73482993197277	187.73482993197277	
188.3696598639456	188.3696598639456	
188.73482993197277	188.73482993197277	
188.98126984126984	188.98126984126984	
189.2928798185941	189.2928798185941	
189.5928798185941	189.5928798185941	
189.8696598639456	189.8696598639456	
190.4696598639456	190.4696598639456	
190.74643990929704	190.74643990929704	
191.0696598639456	191.0696598639456	
191.35804988662133	191.35804988662133	
191.68126984126982	191.68126984126982	
192.2928798185941	192.2928798185941	
192.5696598639456	192.5696598639456	
192.93482993197279	192.93482993197279	
193.13482993197277	193.13482993197277	
193.4928798185941	193.4928798185941	
193.78126984126982	193.78126984126982	
194.05804988662132	194.05804988662132	
194.38126984126984	194.38126984126984	
195.23482993197277	195.23482993197277	
195.54643990929705	195.54643990929705	
195.8348299319728	195.8348299319728	
196.13482993197277	196.13482993197277	
196.43482993197279	196.43482993197279	
196.74643990929704	196.74643990929704	
197.13482993197277	197.13482993197277	
197.73482993197277	197.73482993197277	
197.93482993197279	197.93482993197279	
198.2928798185941	198.2928798185941	
198.53482993197278	198.53482993197278	
198.74643990929704	198.74643990929704	
198.8348299319728	198.8348299319728	
199.03482993197278	199.03482993197278	
199.23482993197277	199.23482993197277	
199.73482993197277	199.73482993197277	
200.08126984126983	200.08126984126983	
200.38126984126984	200.38126984126984	
200.66965986394558	200.66965986394558	
201.54643990929705	201.54643990929705	
202.1580498866213	202.1580498866213	
202.53482993197278	202.53482993197278	
202.8348299319728	202.8348299319728	
202.95804988662132	202.95804988662132	
203.26965986394558	203.26965986394558	
203.58126984126983	203.58126984126983	
203.84643990929706	203.84643990929706	
203.98126984126984	203.98126984126984	
204.0928798185941	204.0928798185941	
204.2580498866213	204.2580498866213	
205.05804988662132	205.05804988662132	
205.1928798185941	205.1928798185941	
205.4696598639456	205.4696598639456	
205.63482993197277	205.63482993197277	
205.93482993197279	205.93482993197279	
206.05804988662132	206.05804988662132	
206.35804988662133	206.35804988662133	
206.64643990929704	206.64643990929704	
206.84643990929706	206.84643990929706	
207.58126984126983	207.58126984126983	
207.84643990929706	207.84643990929706	
208.16965986394558	208.16965986394558	
208.23482993197277	208.23482993197277	
208.44643990929706	208.44643990929706	
208.76965986394558	208.76965986394558	
209.08126984126983	209.08126984126983	
209.9928798185941	209.9928798185941	
210.23482993197277	210.23482993197277	
210.44643990929706	210.44643990929706	
210.5928798185941	210.5928798185941	
210.84643990929706	210.84643990929706	
211.05804988662132	211.05804988662132	
211.23482993197277	211.23482993197277	
211.53482993197278	211.53482993197278	
211.84643990929706	211.84643990929706	
212.13482993197277	212.13482993197277	
212.38126984126984	212.38126984126984	
212.63482993197277	212.63482993197277	
212.73482993197277	212.73482993197277	
212.95804988662132	212.95804988662132	
213.13482993197277	213.13482993197277	
213.2928798185941	213.2928798185941	
213.44643990929706	213.44643990929706	
213.6580498866213	213.6580498866213	
213.94643990929706	213.94643990929706	
214.85804988662133	214.85804988662133	
215.13482993197277	215.13482993197277	
215.23482993197277	215.23482993197277	
215.43482993197279	215.43482993197279	
215.5696598639456	215.5696598639456	
215.73482993197277	215.73482993197277	
215.85804988662133	215.85804988662133	
216.03482993197278	216.03482993197278	
216.3348299319728	216.3348299319728	
216.93482993197279	216.93482993197279	
217.0696598639456	217.0696598639456	
217.23482993197277	217.23482993197277	
217.54643990929705	217.54643990929705	
217.68126984126982	217.68126984126982	
217.8348299319728	217.8348299319728	
218.2580498866213	218.2580498866213	
218.44643990929706	218.44643990929706	
218.8696598639456	218.8696598639456	
219.3348299319728	219.3348299319728	
219.63482993197277	219.63482993197277	
219.93482993197279	219.93482993197279	
220.05804988662132	220.05804988662132	
220.23482993197277	220.23482993197277	
220.34643990929706	220.34643990929706	
220.45804988662132	220.45804988662132	
220.64643990929704	220.64643990929704	
221.13482993197277	221.13482993197277	
221.43482993197279	221.43482993197279	
221.7580498866213	221.7580498866213	
222.03482993197278	222.03482993197278	
222.3348299319728	222.3348299319728	
222.48126984126984	222.48126984126984	
222.63482993197277	222.63482993197277	
222.93482993197279	222.93482993197279	
223.0696598639456	223.0696598639456	
223.23482993197277	223.23482993197277	
223.54643990929705	223.54643990929705	
223.84643990929706	223.84643990929706	
224.13482993197277	224.13482993197277	
224.44643990929706	224.44643990929706	
224.74643990929704	224.74643990929704	
224.88126984126984	224.88126984126984	
225.04643990929705	225.04643990929705	
225.13482993197277	225.13482993197277	
225.34643990929706	225.34643990929706	
225.4928798185941	225.4928798185941	
225.6580498866213	225.6580498866213	
225.93482993197279	225.93482993197279	
226.23482993197277	226.23482993197277	
226.53482993197278	226.53482993197278	
226.8348299319728	226.8348299319728	
227.13482993197277	227.13482993197277	
228.0928798185941	228.0928798185941	
228.3696598639456	228.3696598639456	
228.68126984126982	228.68126984126982	
229.13482993197277	229.13482993197277	
229.26965986394558	229.26965986394558	
229.53482993197278	229.53482993197278	
229.6928798185941	229.6928798185941	
229.85804988662133	229.85804988662133	
229.9696598639456	229.9696598639456	
230.08126984126983	230.08126984126983	
230.24643990929704	230.24643990929704	
230.43482993197279	230.43482993197279	
230.88126984126984	230.88126984126984	
231.53482993197278	231.53482993197278	
232.04643990929705	232.04643990929705	
232.63482993197277	232.63482993197277	
232.8348299319728	232.8348299319728	
233.13482993197277	233.13482993197277	
233.73482993197277	233.73482993197277	
234.03482993197278	234.03482993197278	
234.3348299319728	234.3348299319728	
234.45804988662132	234.45804988662132	
234.53482993197278	234.53482993197278	
234.74643990929704	234.74643990929704	
234.88126984126984	234.88126984126984	
235.03482993197278	235.03482993197278	
235.16965986394558	235.16965986394558	
235.53482993197278	235.53482993197278	
236.13482993197277	236.13482993197277	
236.26965986394558	236.26965986394558	
236.3348299319728	236.3348299319728	
236.63482993197277	236.63482993197277	
236.73482993197277	236.73482993197277	
236.8348299319728	236.8348299319728	
236.9928798185941	236.9928798185941	
237.03482993197278	237.03482993197278	
237.13482993197277	237.13482993197277	
237.28126984126982	237.28126984126982	
237.44643990929706	237.44643990929706	
237.63482993197277	237.63482993197277	
237.93482993197279	237.93482993197279	
238.08126984126983	238.08126984126983	
238.55804988662132	238.55804988662132	
238.8348299319728	238.8348299319728	
239.13482993197277	239.13482993197277	
239.26965986394558	239.26965986394558	
239.45804988662132	239.45804988662132	
239.73482993197277	239.73482993197277	
239.8696598639456	239.8696598639456	
240.03482993197278	240.03482993197278	
241.1928798185941	241.1928798185941	
241.53482993197278	241.53482993197278	
242.43482993197279	242.43482993197279	
242.76965986394558	242.76965986394558	
243.64643990929704	243.64643990929704	
243.9696598639456	243.9696598639456	
244.7928798185941	244.7928798185941	
244.8348299319728	244.8348299319728	
245.13482993197277	245.13482993197277	
245.98126984126984	245.98126984126984	
246.35804988662133	246.35804988662133	
247.55804988662132	247.55804988662132	
248.43482993197279	248.43482993197279	
248.78126984126982	248.78126984126982	
249.5928798185941	249.5928798185941	
249.94643990929706	249.94643990929706	
250.78126984126982	250.78126984126982	
251.14643990929704	251.14643990929704	
251.94643990929706	251.94643990929706	
252.03482993197278	252.03482993197278	
252.35804988662133	252.35804988662133	
253.23482993197277	253.23482993197277	
253.55804988662132	253.55804988662132	
254.43482993197279	254.43482993197279	
259.2348299319728	259.2348299319728	
260.3580498866213	260.3580498866213	
261.0348299319728	261.0348299319728	
262.18126984126985	262.18126984126985	
262.76965986394555	262.76965986394555	
263.38126984126984	263.38126984126984	
263.5348299319728	263.5348299319728	
263.6696598639456	263.6696598639456	
263.7348299319728	263.7348299319728	
263.9348299319728	263.9348299319728	
265.7812698412698	265.7812698412698	
266.95804988662127	266.95804988662127	
267.13482993197283	267.13482993197283	
267.24643990929707	267.24643990929707	
267.3928798185941	267.3928798185941	
267.5464399092971	267.5464399092971	
267.8580498866213	267.8580498866213	
268.1580498866213	268.1580498866213	
268.44643990929706	268.44643990929706	
268.63482993197283	268.63482993197283	
268.76965986394555	268.76965986394555	
270.0348299319728	270.0348299319728	
270.63482993197283	270.63482993197283	
271.94643990929706	271.94643990929706	
272.08126984126983	272.08126984126983	
272.2348299319728	272.2348299319728	
272.3928798185941	272.3928798185941	
272.6696598639456	272.6696598639456	
272.9348299319728	272.9348299319728	
273.0928798185941	273.0928798185941	
273.13482993197283	273.13482993197283	
273.24643990929707	273.24643990929707	
273.38126984126984	273.38126984126984	
273.58126984126983	273.58126984126983	
274.7348299319728	274.7348299319728	
274.8348299319728	274.8348299319728	
275.4348299319728	275.4348299319728	
276.7348299319728	276.7348299319728	
276.9348299319728	276.9348299319728	
277.1696598639456	277.1696598639456	
277.46965986394554	277.46965986394554	
277.7348299319728	277.7348299319728	
278.4348299319728	278.4348299319728	
279.5580498866213	279.5580498866213	
279.7348299319728	279.7348299319728	
279.8580498866213	279.8580498866213	
279.9928798185941	279.9928798185941	
280.18126984126985	280.18126984126985	
281.3348299319728	281.3348299319728	
281.5464399092971	281.5464399092971	
281.6580498866213	281.6580498866213	
281.7348299319728	281.7348299319728	
281.8464399092971	281.8464399092971	
282.2348299319728	282.2348299319728	
282.9348299319728	282.9348299319728	
283.2580498866213	283.2580498866213	
284.38126984126984	284.38126984126984	
284.6580498866213	284.6580498866213	
284.7928798185941	284.7928798185941	
284.95804988662127	284.95804988662127	
286.2348299319728	286.2348299319728	
286.4348299319728	286.4348299319728	
286.63482993197283	286.63482993197283	
286.7928798185941	286.7928798185941	
287.0580498866213	287.0580498866213	
287.24643990929707	287.24643990929707	
287.38126984126984	287.38126984126984	
287.6580498866213	287.6580498866213	
287.8348299319728	287.8348299319728	
287.9348299319728	287.9348299319728	
289.2348299319728	289.2348299319728	
289.8348299319728	289.8348299319728	
291.1580498866213	291.1580498866213	
291.2812698412698	291.2812698412698	
291.4348299319728	291.4348299319728	
291.5928798185941	291.5928798185941	
291.88126984126984	291.88126984126984	
292.0348299319728	292.0348299319728	
292.18126984126985	292.18126984126985	
292.4812698412698	292.4812698412698	
292.63482993197283	292.63482993197283	
292.8348299319728	292.8348299319728	
294.5464399092971	294.5464399092971	
295.8348299319728	295.8348299319728	
296.13482993197283	296.13482993197283	
296.26965986394555	296.26965986394555	
296.4348299319728	296.4348299319728	
296.7348299319728	296.7348299319728	
296.9348299319728	296.9348299319728	
297.0348299319728	297.0348299319728	
297.3348299319728	297.3348299319728	
297.5348299319728	297.5348299319728	
297.6580498866213	297.6580498866213	
298.8348299319728	298.8348299319728	
298.96965986394554	298.96965986394554	
299.08126984126983	299.08126984126983	
299.2348299319728	299.2348299319728	
299.38126984126984	299.38126984126984	
300.63482993197283	300.63482993197283	
300.9348299319728	300.9348299319728	
301.13482993197283	301.13482993197283	
301.4812698412698	301.4812698412698	
301.5348299319728	301.5348299319728	
301.76965986394555	301.76965986394555	
301.8348299319728	301.8348299319728	
302.0348299319728	302.0348299319728	
302.13482993197283	302.13482993197283	
302.24643990929707	302.24643990929707	
302.44643990929706	302.44643990929706	
303.5348299319728	303.5348299319728	
304.18126984126985	304.18126984126985	
305.3928798185941	305.3928798185941	
305.5348299319728	305.5348299319728	
305.6696598639456	305.6696598639456	
305.8348299319728	305.8348299319728	
305.9928798185941	305.9928798185941	
306.26965986394555	306.26965986394555	
306.5928798185941	306.5928798185941	
306.7348299319728	306.7348299319728	
306.86965986394557	306.86965986394557	
307.0348299319728	307.0348299319728	
307.1696598639456	307.1696598639456	
308.3348299319728	308.3348299319728	
308.4348299319728	308.4348299319728	
308.9928798185941	308.9928798185941	
310.24643990929707	310.24643990929707	
310.3928798185941	310.3928798185941	
310.6696598639456	310.6696598639456	
310.8348299319728	310.8348299319728	
311.13482993197283	311.13482993197283	
312.0580498866213	312.0580498866213	
313.13482993197283	313.13482993197283	
313.8348299319728	313.8348299319728	
315.13482993197283	315.13482993197283	
315.4348299319728	315.4348299319728	
315.5464399092971	315.5464399092971	
315.6464399092971	315.6464399092971	
316.0348299319728	316.0348299319728	
316.2348299319728	316.2348299319728	
316.76965986394555	316.76965986394555	
317.9348299319728	317.9348299319728	
318.13482993197283	318.13482993197283	
318.4348299319728	318.4348299319728	
318.5928798185941	318.5928798185941	
319.86965986394557	319.86965986394557	
320.13482993197283	320.13482993197283	
320.46965986394554	320.46965986394554	
320.7348299319728	320.7348299319728	
321.0464399092971	321.0464399092971	
321.5348299319728	321.5348299319728	
322.7928798185941	322.7928798185941	
323.4348299319728	323.4348299319728	
324.58126984126983	324.58126984126983	
324.7348299319728	324.7348299319728	
324.88126984126984	324.88126984126984	
325.18126984126985	325.18126984126985	
325.5348299319728	325.5348299319728	
326.0348299319728	326.0348299319728	
326.4348299319728	326.4348299319728	
327.63482993197283	327.63482993197283	
327.94643990929706	327.94643990929706	
328.18126984126985	328.18126984126985	
329.3928798185941	329.3928798185941	
329.5348299319728	329.5348299319728	
329.6696598639456	329.6696598639456	
329.9348299319728	329.9348299319728	
330.2348299319728	330.2348299319728	
330.3348299319728	330.3348299319728	
331.2348299319728	331.2348299319728	
333.0348299319728	333.0348299319728	
334.2348299319728	334.2348299319728	
336.0464399092971	336.0464399092971	
337.2348299319728	337.2348299319728	
337.86965986394557	337.86965986394557	
338.6928798185941	338.6928798185941	
339.0464399092971	339.0464399092971	
339.63482993197283	339.63482993197283	
339.88126984126984	339.88126984126984	
340.18126984126985	340.18126984126985	
340.4348299319728	340.4348299319728	
340.7580498866213	340.7580498866213	
341.9812698412698	341.9812698412698	
342.2580498866213	342.2580498866213	
344.45804988662127	344.45804988662127	
344.76965986394555	344.76965986394555	
345.0348299319728	345.0348299319728	
345.6580498866213	345.6580498866213	
346.8348299319728	346.8348299319728	
347.44643990929706	347.44643990929706	
348.4348299319728	348.4348299319728	
348.5928798185941	348.5928798185941	
348.8348299319728	348.8348299319728	
349.2348299319728	349.2348299319728	
349.63482993197283	349.63482993197283	
350.0464399092971	350.0464399092971	
350.2348299319728	350.2348299319728	
350.44643990929706	350.44643990929706	
351.94643990929706	351.94643990929706	
352.5348299319728	352.5348299319728	
352.8464399092971	352.8464399092971	
353.86965986394557	353.86965986394557	
355.24643990929707	355.24643990929707	
356.3348299319728	356.3348299319728	
356.5348299319728	356.5348299319728	
356.6580498866213	356.6580498866213	
356.94643990929706	356.94643990929706	
357.0928798185941	357.0928798185941	
357.2580498866213	357.2580498866213	
357.3928798185941	357.3928798185941	
357.5464399092971	357.5464399092971	
357.7348299319728	357.7348299319728	
357.8580498866213	357.8580498866213	
358.0348299319728	358.0348299319728	
358.1928798185941	358.1928798185941	
358.3348299319728	358.3348299319728	
358.4812698412698	358.4812698412698	
358.63482993197283	358.63482993197283	
358.7928798185941	358.7928798185941	
359.0928798185941	359.0928798185941	
359.2348299319728	359.2348299319728	
359.4348299319728	359.4348299319728	
359.6580498866213	359.6580498866213	
359.95804988662127	359.95804988662127	
360.0464399092971	360.0464399092971	
361.13482993197283	361.13482993197283	
361.2348299319728	361.2348299319728	
361.4928798185941	361.4928798185941	
361.63482993197283	361.63482993197283	
361.76965986394555	361.76965986394555	
361.9348299319728	361.9348299319728	
362.0580498866213	362.0580498866213	
362.2348299319728	362.2348299319728	
362.3580498866213	362.3580498866213	
363.5464399092971	363.5464399092971	
363.6580498866213	363.6580498866213	
363.8464399092971	363.8464399092971	
364.1696598639456	364.1696598639456	
364.4928798185941	364.4928798185941	
364.8348299319728	364.8348299319728	
366.0348299319728	366.0348299319728	
366.2348299319728	366.2348299319728	
366.4348299319728	366.4348299319728	
366.63482993197283	366.63482993197283	
367.7812698412698	367.7812698412698	
367.8348299319728	367.8348299319728	
368.13482993197283	368.13482993197283	
368.7348299319728	368.7348299319728	
368.86965986394557	368.86965986394557	
369.0348299319728	369.0348299319728	
369.3348299319728	369.3348299319728	
369.45804988662127	369.45804988662127	
369.6464399092971	369.6464399092971	
370.8348299319728	370.8348299319728	
370.95804988662127	370.95804988662127	
371.0928798185941	371.0928798185941	
371.2348299319728	371.2348299319728	
371.4348299319728	371.4348299319728	
372.9348299319728	372.9348299319728	
373.46965986394554	373.46965986394554	
373.8348299319728	373.8348299319728	
374.45804988662127	374.45804988662127	
374.7812698412698	374.7812698412698	
375.0580498866213	375.0580498866213	
375.3580498866213	375.3580498866213	
375.6464399092971	375.6464399092971	
375.9348299319728	375.9348299319728	
376.06965986394556	376.06965986394556	
376.2348299319728	376.2348299319728	
376.5348299319728	376.5348299319728	
376.8348299319728	376.8348299319728	
376.96965986394554	376.96965986394554	
377.13482993197283	377.13482993197283	
377.2812698412698	377.2812698412698	
377.4348299319728	377.4348299319728	
377.7348299319728	377.7348299319728	
378.0348299319728	378.0348299319728	
378.3464399092971	378.3464399092971	
378.46965986394554	378.46965986394554	
378.6580498866213	378.6580498866213	
378.9348299319728	378.9348299319728	
379.2348299319728	379.2348299319728	
379.36965986394557	379.36965986394557	
379.5348299319728	379.5348299319728	
379.6928798185941	379.6928798185941	
379.76965986394555	379.76965986394555	
379.8348299319728	379.8348299319728	
380.1464399092971	380.1464399092971	
380.45804988662127	380.45804988662127	
380.7348299319728	380.7348299319728	
380.88126984126984	380.88126984126984	
381.0464399092971	381.0464399092971	
381.3464399092971	381.3464399092971	
381.6464399092971	381.6464399092971	
381.94643990929706	381.94643990929706	
382.13482993197283	382.13482993197283	
382.24643990929707	382.24643990929707	
382.38126984126984	382.38126984126984	
382.5580498866213	382.5580498866213	
382.63482993197283	382.63482993197283	
382.74643990929707	382.74643990929707	
382.8348299319728	382.8348299319728	
382.9812698412698	382.9812698412698	
383.13482993197283	383.13482993197283	
383.2812698412698	383.2812698412698	
383.4348299319728	383.4348299319728	
383.58126984126983	383.58126984126983	
383.7348299319728	383.7348299319728	
384.0348299319728	384.0348299319728	
384.3348299319728	384.3348299319728	
384.4812698412698	384.4812698412698	
384.63482993197283	384.63482993197283	
384.9348299319728	384.9348299319728	
385.2348299319728	385.2348299319728	
385.36965986394557	385.36965986394557	
385.5348299319728	385.5348299319728	
386.13482993197283	386.13482993197283	
386.2812698412698	386.2812698412698	
386.4348299319728	386.4348299319728	
386.56965986394556	386.56965986394556	
386.7348299319728	386.7348299319728	
386.8580498866213	386.8580498866213	
387.0348299319728	387.0348299319728	
387.1464399092971	387.1464399092971	
387.2928798185941	387.2928798185941	
387.45804988662127	387.45804988662127	
387.63482993197283	387.63482993197283	
387.7812698412698	387.7812698412698	
387.9348299319728	387.9348299319728	
388.06965986394556	388.06965986394556	
388.2348299319728	388.2348299319728	
388.38126984126984	388.38126984126984	
388.5348299319728	388.5348299319728	
389.0348299319728	389.0348299319728	
389.13482993197283	389.13482993197283	
389.2812698412698	389.2812698412698	
389.4348299319728	389.4348299319728	
389.5348299319728	389.5348299319728	
389.74643990929707	389.74643990929707	
389.8348299319728	389.8348299319728	
389.94643990929706	389.94643990929706	
390.1696598639456	390.1696598639456	
390.3348299319728	390.3348299319728	
390.45804988662127	390.45804988662127	
390.63482993197283	390.63482993197283	
390.7812698412698	390.7812698412698	
391.5348299319728	391.5348299319728	
391.68126984126985	391.68126984126985	
391.96965986394554	391.96965986394554	
392.2928798185941	392.2928798185941	
392.44643990929706	392.44643990929706	
392.74643990929707	392.74643990929707	
393.0348299319728	393.0348299319728	
393.58126984126983	393.58126984126983	
393.68126984126985	393.68126984126985	
395.2348299319728	395.2348299319728	
395.7812698412698	395.7812698412698	
397.18126984126985	397.18126984126985	
397.5348299319728	397.5348299319728	
398.3928798185941	398.3928798185941	
398.76965986394555	398.76965986394555	
399.5464399092971	399.5464399092971	
400.58126984126983	400.58126984126983	
401.9348299319728	401.9348299319728	
402.13482993197283	402.13482993197283	
402.2812698412698	402.2812698412698	
402.9348299319728	402.9348299319728	
403.1464399092971	403.1464399092971	
403.5580498866213	403.5580498866213	
404.36965986394557	404.36965986394557	
404.96965986394554	404.96965986394554	
405.36965986394557	405.36965986394557	
406.76965986394555	406.76965986394555	
407.8464399092971	407.8464399092971	
407.96965986394554	407.96965986394554	
408.1464399092971	408.1464399092971	
408.3928798185941	408.3928798185941	
409.68126984126985	409.68126984126985	
409.7928798185941	409.7928798185941	
410.1696598639456	410.1696598639456	
411.5580498866213	411.5580498866213	
411.94643990929706	411.94643990929706	
412.0348299319728	412.0348299319728	
412.4348299319728	412.4348299319728	
412.74643990929707	412.74643990929707	
412.8464399092971	412.8464399092971	
413.2348299319728	413.2348299319728	
413.9928798185941	413.9928798185941	
414.58126984126983	414.58126984126983	
414.9812698412698	414.9812698412698	
416.13482993197283	416.13482993197283	
416.3928798185941	416.3928798185941	
416.9348299319728	416.9348299319728	
417.6464399092971	417.6464399092971	
418.08126984126983	418.08126984126983	
418.13482993197283	418.13482993197283	
418.5464399092971	418.5464399092971	
418.8348299319728	418.8348299319728	
419.3928798185941	419.3928798185941	
419.8464399092971	419.8464399092971	
420.63482993197283	420.63482993197283	
421.1928798185941	421.1928798185941	
421.4348299319728	421.4348299319728	
421.7928798185941	421.7928798185941	
422.4348299319728	422.4348299319728	
422.8580498866213	422.8580498866213	
423.3580498866213	423.3580498866213	
423.6464399092971	423.6464399092971	
423.9348299319728	423.9348299319728	
424.13482993197283	424.13482993197283	
424.3348299319728	424.3348299319728	
424.6580498866213	424.6580498866213	
425.4348299319728	425.4348299319728	
425.5928798185941	425.5928798185941	
425.8580498866213	425.8580498866213	
426.0348299319728	426.0348299319728	
426.2580498866213	426.2580498866213	
426.45804988662127	426.45804988662127	
426.56965986394556	426.56965986394556	
426.8928798185941	426.8928798185941	
427.2348299319728	427.2348299319728	
427.63482993197283	427.63482993197283	
428.13482993197283	428.13482993197283	
428.4348299319728	428.4348299319728	
428.6580498866213	428.6580498866213	
428.9928798185941	428.9928798185941	
429.4928798185941	429.4928798185941	
429.95804988662127	429.95804988662127	
430.2348299319728	430.2348299319728	
431.13482993197283	431.13482993197283	
432.0348299319728	432.0348299319728	
432.45804988662127	432.45804988662127	
432.76965986394555	432.76965986394555	
432.9348299319728	432.9348299319728	
433.1580498866213	433.1580498866213	
433.6696598639456	433.6696598639456	
433.7348299319728	433.7348299319728	
434.13482993197283	434.13482993197283	
434.4348299319728	434.4348299319728	
434.8928798185941	434.8928798185941	
435.3348299319728	435.3348299319728	
435.5580498866213	435.5580498866213	
436.0928798185941	436.0928798185941	
436.5348299319728	436.5348299319728	
436.8464399092971	436.8464399092971	
437.7348299319728	437.7348299319728	
437.96965986394554	437.96965986394554	
438.4348299319728	438.4348299319728	
438.9348299319728	438.9348299319728	
439.2348299319728	439.2348299319728	
439.74643990929707	439.74643990929707	
440.13482993197283	440.13482993197283	
440.3464399092971	440.3464399092971	
440.8928798185941	440.8928798185941	
441.3348299319728	441.3348299319728	
441.6464399092971	441.6464399092971	
442.0348299319728	442.0348299319728	
442.5464399092971	442.5464399092971	
442.7348299319728	442.7348299319728	
443.2812698412698	443.2812698412698	
443.7348299319728	443.7348299319728	
444.0348299319728	444.0348299319728	
444.4928798185941	444.4928798185941	
444.9348299319728	444.9348299319728	
445.1696598639456	445.1696598639456	
445.3348299319728	445.3348299319728	
445.6580498866213	445.6580498866213	
446.0928798185941	446.0928798185941	
446.38126984126984	446.38126984126984	
446.5348299319728	446.5348299319728	
446.86965986394557	446.86965986394557	
447.2928798185941	447.2928798185941	
447.3348299319728	447.3348299319728	
447.56965986394556	447.56965986394556	
447.74643990929707	447.74643990929707	
448.13482993197283	448.13482993197283	
448.5580498866213	448.5580498866213	
448.8580498866213	448.8580498866213	
449.2812698412698	449.2812698412698	
449.63482993197283	449.63482993197283	
449.9348299319728	449.9348299319728	
450.13482993197283	450.13482993197283	
450.2348299319728	450.2348299319728	
450.46965986394554	450.46965986394554	
450.9348299319728	450.9348299319728	
