2.934829931972789	2.934829931972789	
3.158049886621315	3.158049886621315	
3.3348299319727888	3.3348299319727888	
3.7464399092970524	3.7464399092970524	
4.034829931972789	4.034829931972789	
4.234829931972789	4.234829931972789	
4.369659863945578	4.369659863945578	
4.534829931972789	4.534829931972789	
4.6696598639455775	4.6696598639455775	
4.746439909297052	4.746439909297052	
4.834829931972789	4.834829931972789	
4.969659863945578	4.969659863945578	
5.134829931972789	5.134829931972789	
5.281269841269841	5.281269841269841	
5.346439909297052	5.346439909297052	
5.5580498866213155	5.5580498866213155	
5.734829931972789	5.734829931972789	
5.969659863945578	5.969659863945578	
6.034829931972789	6.034829931972789	
6.181269841269841	6.181269841269841	
6.358049886621315	6.358049886621315	
6.434829931972789	6.434829931972789	
6.5580498866213155	6.5580498866213155	
6.634829931972789	6.634829931972789	
6.934829931972789	6.934829931972789	
7.081269841269841	7.081269841269841	
7.1696598639455775	7.1696598639455775	
7.234829931972789	7.234829931972789	
7.369659863945578	7.369659863945578	
7.534829931972789	7.534829931972789	
7.6696598639455775	7.6696598639455775	
7.734829931972789	7.734829931972789	
7.946439909297053	7.946439909297053	
8.134829931972789	8.134829931972789	
8.292879818594104	8.292879818594104	
8.358049886621316	8.358049886621316	
8.446439909297052	8.446439909297052	
8.592879818594104	8.592879818594104	
8.769659863945577	8.769659863945577	
8.846439909297052	8.846439909297052	
9.046439909297051	9.046439909297051	
9.181269841269842	9.181269841269842	
9.346439909297052	9.346439909297052	
9.534829931972789	9.534829931972789	
9.669659863945578	9.669659863945578	
9.734829931972788	9.734829931972788	
9.958049886621316	9.958049886621316	
10.046439909297051	10.046439909297051	
10.234829931972788	10.234829931972788	
10.558049886621315	10.558049886621315	
10.634829931972789	10.634829931972789	
10.781269841269841	10.781269841269841	
10.858049886621316	10.858049886621316	
10.93482993197279	10.93482993197279	
11.169659863945578	11.169659863945578	
11.234829931972788	11.234829931972788	
11.43482993197279	11.43482993197279	
11.581269841269842	11.581269841269842	
11.734829931972788	11.734829931972788	
11.83482993197279	11.83482993197279	
11.981269841269842	11.981269841269842	
12.046439909297051	12.046439909297051	
12.192879818594104	12.192879818594104	
12.358049886621316	12.358049886621316	
12.43482993197279	12.43482993197279	
12.569659863945578	12.569659863945578	
12.646439909297051	12.646439909297051	
12.792879818594104	12.792879818594104	
12.93482993197279	12.93482993197279	
13.081269841269842	13.081269841269842	
13.169659863945578	13.169659863945578	
13.234829931972788	13.234829931972788	
13.392879818594105	13.392879818594105	
13.558049886621315	13.558049886621315	
13.634829931972789	13.634829931972789	
13.792879818594104	13.792879818594104	
13.846439909297052	13.846439909297052	
13.981269841269842	13.981269841269842	
14.146439909297051	14.146439909297051	
14.24643990929705	14.24643990929705	
14.381269841269843	14.381269841269843	
14.43482993197279	14.43482993197279	
14.592879818594104	14.592879818594104	
14.734829931972788	14.734829931972788	
14.83482993197279	14.83482993197279	
14.969659863945578	14.969659863945578	
15.034829931972789	15.034829931972789	
15.169659863945578	15.169659863945578	
15.346439909297052	15.346439909297052	
15.43482993197279	15.43482993197279	
15.558049886621315	15.558049886621315	
15.634829931972789	15.634829931972789	
15.769659863945577	15.769659863945577	
15.946439909297052	15.946439909297052	
16.03482993197279	16.03482993197279	
16.16965986394558	16.16965986394558	
16.23482993197279	16.23482993197279	
16.36965986394558	16.36965986394558	
16.546439909297053	16.546439909297053	
16.68126984126984	16.68126984126984	
16.769659863945577	16.769659863945577	
16.858049886621316	16.858049886621316	
16.98126984126984	16.98126984126984	
17.134829931972792	17.134829931972792	
17.28126984126984	17.28126984126984	
17.346439909297054	17.346439909297054	
17.43482993197279	17.43482993197279	
17.558049886621315	17.558049886621315	
17.73482993197279	17.73482993197279	
17.88126984126984	17.88126984126984	
17.969659863945576	17.969659863945576	
18.03482993197279	18.03482993197279	
18.192879818594104	18.192879818594104	
18.346439909297054	18.346439909297054	
18.43482993197279	18.43482993197279	
18.558049886621315	18.558049886621315	
18.634829931972792	18.634829931972792	
18.78126984126984	18.78126984126984	
18.93482993197279	18.93482993197279	
19.092879818594103	19.092879818594103	
19.16965986394558	19.16965986394558	
19.23482993197279	19.23482993197279	
19.392879818594103	19.392879818594103	
19.546439909297053	19.546439909297053	
19.634829931972792	19.634829931972792	
19.846439909297054	19.846439909297054	
19.969659863945576	19.969659863945576	
20.158049886621317	20.158049886621317	
20.38126984126984	20.38126984126984	
20.44643990929705	20.44643990929705	
20.53482993197279	20.53482993197279	
20.746439909297052	20.746439909297052	
20.83482993197279	20.83482993197279	
20.958049886621314	20.958049886621314	
21.03482993197279	21.03482993197279	
21.18126984126984	21.18126984126984	
21.33482993197279	21.33482993197279	
21.546439909297053	21.546439909297053	
21.634829931972792	21.634829931972792	
21.769659863945577	21.769659863945577	
21.9928798185941	21.9928798185941	
22.08126984126984	22.08126984126984	
22.36965986394558	22.36965986394558	
22.53482993197279	22.53482993197279	
22.658049886621317	22.658049886621317	
22.769659863945577	22.769659863945577	
22.846439909297054	22.846439909297054	
22.98126984126984	22.98126984126984	
23.158049886621317	23.158049886621317	
23.23482993197279	23.23482993197279	
23.43482993197279	23.43482993197279	
23.758049886621315	23.758049886621315	
23.93482993197279	23.93482993197279	
24.146439909297055	24.146439909297055	
24.36965986394558	24.36965986394558	
24.44643990929705	24.44643990929705	
24.634829931972792	24.634829931972792	
24.969659863945576	24.969659863945576	
25.134829931972792	25.134829931972792	
25.258049886621315	25.258049886621315	
25.33482993197279	25.33482993197279	
25.634829931972792	25.634829931972792	
25.83482993197279	25.83482993197279	
25.98126984126984	25.98126984126984	
26.134829931972792	26.134829931972792	
26.38126984126984	26.38126984126984	
26.458049886621314	26.458049886621314	
26.592879818594103	26.592879818594103	
26.758049886621315	26.758049886621315	
26.83482993197279	26.83482993197279	
26.969659863945576	26.969659863945576	
27.046439909297053	27.046439909297053	
27.36965986394558	27.36965986394558	
27.658049886621317	27.658049886621317	
27.73482993197279	27.73482993197279	
27.969659863945576	27.969659863945576	
28.03482993197279	28.03482993197279	
28.23482993197279	28.23482993197279	
28.33482993197279	28.33482993197279	
28.546439909297053	28.546439909297053	
28.858049886621316	28.858049886621316	
28.9928798185941	28.9928798185941	
29.158049886621317	29.158049886621317	
29.23482993197279	29.23482993197279	
29.44643990929705	29.44643990929705	
29.769659863945577	29.769659863945577	
29.88126984126984	29.88126984126984	
30.046439909297053	30.046439909297053	
30.358049886621316	30.358049886621316	
30.43482993197279	30.43482993197279	
30.58126984126984	30.58126984126984	
30.658049886621317	30.658049886621317	
30.94643990929705	30.94643990929705	
31.16965986394558	31.16965986394558	
31.23482993197279	31.23482993197279	
31.36965986394558	31.36965986394558	
31.592879818594103	31.592879818594103	
31.66965986394558	31.66965986394558	
31.73482993197279	31.73482993197279	
31.83482993197279	31.83482993197279	
32.13482993197279	32.13482993197279	
32.23482993197279	32.23482993197279	
32.38126984126984	32.38126984126984	
32.45804988662131	32.45804988662131	
32.592879818594106	32.592879818594106	
32.74643990929705	32.74643990929705	
32.834829931972784	32.834829931972784	
32.95804988662131	32.95804988662131	
33.04643990929705	33.04643990929705	
33.15804988662131	33.15804988662131	
33.334829931972784	33.334829931972784	
33.45804988662131	33.45804988662131	
33.54643990929705	33.54643990929705	
33.73482993197279	33.73482993197279	
33.934829931972786	33.934829931972786	
34.05804988662131	34.05804988662131	
34.14643990929705	34.14643990929705	
34.36965986394558	34.36965986394558	
34.53482993197279	34.53482993197279	
34.66965986394558	34.66965986394558	
34.834829931972784	34.834829931972784	
34.96965986394558	34.96965986394558	
35.14643990929705	35.14643990929705	
35.23482993197279	35.23482993197279	
35.36965986394558	35.36965986394558	
35.44643990929705	35.44643990929705	
35.54643990929705	35.54643990929705	
35.73482993197279	35.73482993197279	
35.88126984126984	35.88126984126984	
35.95804988662131	35.95804988662131	
36.03482993197279	36.03482993197279	
36.16965986394558	36.16965986394558	
36.334829931972784	36.334829931972784	
36.48126984126984	36.48126984126984	
36.55804988662131	36.55804988662131	
36.63482993197279	36.63482993197279	
36.73482993197279	36.73482993197279	
36.934829931972786	36.934829931972786	
37.06965986394558	37.06965986394558	
37.13482993197279	37.13482993197279	
37.35804988662131	37.35804988662131	
37.53482993197279	37.53482993197279	
37.681269841269845	37.681269841269845	
37.758049886621315	37.758049886621315	
37.834829931972784	37.834829931972784	
37.934829931972786	37.934829931972786	
38.269659863945584	38.269659863945584	
38.34643990929705	38.34643990929705	
38.434829931972786	38.434829931972786	
38.56965986394558	38.56965986394558	
38.73482993197279	38.73482993197279	
38.88126984126984	38.88126984126984	
39.03482993197279	39.03482993197279	
39.15804988662131	39.15804988662131	
39.334829931972784	39.334829931972784	
39.48126984126984	39.48126984126984	
39.55804988662131	39.55804988662131	
39.63482993197279	39.63482993197279	
39.78126984126985	39.78126984126985	
39.95804988662131	39.95804988662131	
40.03482993197279	40.03482993197279	
40.181269841269845	40.181269841269845	
40.23482993197279	40.23482993197279	
40.36965986394558	40.36965986394558	
40.54643990929705	40.54643990929705	
40.69287981859411	40.69287981859411	
40.85804988662131	40.85804988662131	
41.16965986394558	41.16965986394558	
41.23482993197279	41.23482993197279	
41.36965986394558	41.36965986394558	
41.45804988662131	41.45804988662131	
41.74643990929705	41.74643990929705	
41.94643990929705	41.94643990929705	
42.03482993197279	42.03482993197279	
42.16965986394558	42.16965986394558	
42.334829931972784	42.334829931972784	
42.48126984126984	42.48126984126984	
42.55804988662131	42.55804988662131	
42.758049886621315	42.758049886621315	
42.934829931972786	42.934829931972786	
43.05804988662131	43.05804988662131	
43.13482993197279	43.13482993197279	
43.36965986394558	43.36965986394558	
43.53482993197279	43.53482993197279	
43.681269841269845	43.681269841269845	
43.834829931972784	43.834829931972784	
43.96965986394558	43.96965986394558	
44.13482993197279	44.13482993197279	
44.34643990929705	44.34643990929705	
44.434829931972786	44.434829931972786	
44.581269841269844	44.581269841269844	
44.758049886621315	44.758049886621315	
44.834829931972784	44.834829931972784	
44.934829931972786	44.934829931972786	
45.05804988662131	45.05804988662131	
45.334829931972784	45.334829931972784	
45.56965986394558	45.56965986394558	
45.65804988662131	45.65804988662131	
45.73482993197279	45.73482993197279	
45.94643990929705	45.94643990929705	
46.13482993197279	46.13482993197279	
46.28126984126985	46.28126984126985	
46.53482993197279	46.53482993197279	
46.63482993197279	46.63482993197279	
46.769659863945584	46.769659863945584	
46.85804988662131	46.85804988662131	
46.934829931972786	46.934829931972786	
47.16965986394558	47.16965986394558	
47.23482993197279	47.23482993197279	
47.38126984126984	47.38126984126984	
47.434829931972786	47.434829931972786	
47.73482993197279	47.73482993197279	
47.8928798185941	47.8928798185941	
47.96965986394558	47.96965986394558	
48.05804988662131	48.05804988662131	
48.13482993197279	48.13482993197279	
48.34643990929705	48.34643990929705	
48.492879818594105	48.492879818594105	
48.63482993197279	48.63482993197279	
48.758049886621315	48.758049886621315	
48.934829931972786	48.934829931972786	
49.081269841269844	49.081269841269844	
49.15804988662131	49.15804988662131	
49.23482993197279	49.23482993197279	
49.38126984126984	49.38126984126984	
49.56965986394558	49.56965986394558	
49.65804988662131	49.65804988662131	
49.73482993197279	49.73482993197279	
49.85804988662131	49.85804988662131	
51.03482993197279	51.03482993197279	
51.334829931972784	51.334829931972784	
51.48126984126984	51.48126984126984	
51.63482993197279	51.63482993197279	
51.74643990929705	51.74643990929705	
51.834829931972784	51.834829931972784	
52.04643990929705	52.04643990929705	
52.19287981859411	52.19287981859411	
52.46965986394558	52.46965986394558	
52.63482993197279	52.63482993197279	
52.834829931972784	52.834829931972784	
53.06965986394558	53.06965986394558	
53.14643990929705	53.14643990929705	
53.23482993197279	53.23482993197279	
53.36965986394558	53.36965986394558	
53.65804988662131	53.65804988662131	
53.88126984126984	53.88126984126984	
53.94643990929705	53.94643990929705	
54.092879818594106	54.092879818594106	
54.269659863945584	54.269659863945584	
54.34643990929705	54.34643990929705	
54.48126984126984	54.48126984126984	
54.54643990929705	54.54643990929705	
54.86965986394558	54.86965986394558	
55.081269841269844	55.081269841269844	
55.16965986394558	55.16965986394558	
55.334829931972784	55.334829931972784	
55.48126984126984	55.48126984126984	
55.56965986394558	55.56965986394558	
55.63482993197279	55.63482993197279	
55.79287981859411	55.79287981859411	
56.081269841269844	56.081269841269844	
56.23482993197279	56.23482993197279	
56.38126984126984	56.38126984126984	
56.44643990929705	56.44643990929705	
56.53482993197279	56.53482993197279	
56.69287981859411	56.69287981859411	
56.758049886621315	56.758049886621315	
56.834829931972784	56.834829931972784	
56.934829931972786	56.934829931972786	
57.14643990929705	57.14643990929705	
57.269659863945584	57.269659863945584	
57.434829931972786	57.434829931972786	
57.581269841269844	57.581269841269844	
57.63482993197279	57.63482993197279	
57.86965986394558	57.86965986394558	
58.03482993197279	58.03482993197279	
58.19287981859411	58.19287981859411	
58.334829931972784	58.334829931972784	
58.492879818594105	58.492879818594105	
58.63482993197279	58.63482993197279	
58.73482993197279	58.73482993197279	
58.85804988662131	58.85804988662131	
58.934829931972786	58.934829931972786	
59.081269841269844	59.081269841269844	
59.24643990929705	59.24643990929705	
59.38126984126984	59.38126984126984	
59.44643990929705	59.44643990929705	
59.53482993197279	59.53482993197279	
59.64643990929705	59.64643990929705	
59.73482993197279	59.73482993197279	
59.94643990929705	59.94643990929705	
60.269659863945584	60.269659863945584	
60.56965986394558	60.56965986394558	
60.73482993197279	60.73482993197279	
60.85804988662131	60.85804988662131	
61.03482993197279	61.03482993197279	
61.16965986394558	61.16965986394558	
61.23482993197279	61.23482993197279	
61.48126984126984	61.48126984126984	
61.63482993197279	61.63482993197279	
61.74643990929705	61.74643990929705	
62.05804988662131	62.05804988662131	
62.23482993197279	62.23482993197279	
62.36965986394558	62.36965986394558	
62.434829931972786	62.434829931972786	
62.53482993197279	62.53482993197279	
62.69287981859411	62.69287981859411	
62.769659863945584	62.769659863945584	
62.834829931972784	62.834829931972784	
62.992879818594105	62.992879818594105	
63.13482993197279	63.13482993197279	
63.269659863945584	63.269659863945584	
63.434829931972786	63.434829931972786	
63.56965986394558	63.56965986394558	
63.63482993197279	63.63482993197279	
63.8928798185941	63.8928798185941	
63.96965986394558	63.96965986394558	
64.0348299319728	64.0348299319728	
64.18126984126984	64.18126984126984	
64.33482993197279	64.33482993197279	
64.46965986394558	64.46965986394558	
64.63482993197279	64.63482993197279	
64.76965986394558	64.76965986394558	
64.83482993197279	64.83482993197279	
65.0928798185941	65.0928798185941	
65.16965986394557	65.16965986394557	
65.2348299319728	65.2348299319728	
65.38126984126984	65.38126984126984	
65.68126984126984	65.68126984126984	
65.88126984126984	65.88126984126984	
65.95804988662132	65.95804988662132	
66.0348299319728	66.0348299319728	
66.28126984126985	66.28126984126985	
66.34643990929705	66.34643990929705	
66.4348299319728	66.4348299319728	
66.55804988662132	66.55804988662132	
67.7348299319728	67.7348299319728	
67.88126984126984	67.88126984126984	
68.1928798185941	68.1928798185941	
68.33482993197279	68.33482993197279	
68.48126984126985	68.48126984126985	
68.63482993197279	68.63482993197279	
68.7348299319728	68.7348299319728	
68.86965986394557	68.86965986394557	
68.94643990929706	68.94643990929706	
69.0928798185941	69.0928798185941	
69.2348299319728	69.2348299319728	
69.3928798185941	69.3928798185941	
69.5348299319728	69.5348299319728	
69.63482993197279	69.63482993197279	
69.84643990929705	69.84643990929705	
70.16965986394557	70.16965986394557	
70.48126984126985	70.48126984126985	
70.7928798185941	70.7928798185941	
70.9348299319728	70.9348299319728	
71.13482993197279	71.13482993197279	
71.25804988662132	71.25804988662132	
71.33482993197279	71.33482993197279	
71.55804988662132	71.55804988662132	
71.68126984126984	71.68126984126984	
72.04643990929705	72.04643990929705	
72.13482993197279	72.13482993197279	
72.2348299319728	72.2348299319728	
72.36965986394557	72.36965986394557	
72.45804988662132	72.45804988662132	
72.5348299319728	72.5348299319728	
72.7348299319728	72.7348299319728	
72.88126984126984	72.88126984126984	
73.0348299319728	73.0348299319728	
73.15804988662131	73.15804988662131	
73.33482993197279	73.33482993197279	
73.46965986394558	73.46965986394558	
73.56965986394557	73.56965986394557	
73.64643990929704	73.64643990929704	
73.78126984126985	73.78126984126985	
73.9348299319728	73.9348299319728	
74.08126984126984	74.08126984126984	
74.2348299319728	74.2348299319728	
74.38126984126984	74.38126984126984	
74.44643990929706	74.44643990929706	
74.5348299319728	74.5348299319728	
74.6928798185941	74.6928798185941	
74.75804988662132	74.75804988662132	
74.84643990929705	74.84643990929705	
74.98126984126985	74.98126984126985	
75.26965986394558	75.26965986394558	
75.4348299319728	75.4348299319728	
75.55804988662132	75.55804988662132	
75.63482993197279	75.63482993197279	
75.7348299319728	75.7348299319728	
75.84643990929705	75.84643990929705	
75.95804988662132	75.95804988662132	
76.0348299319728	76.0348299319728	
76.18126984126984	76.18126984126984	
76.46965986394558	76.46965986394558	
76.64643990929704	76.64643990929704	
76.7348299319728	76.7348299319728	
76.88126984126984	76.88126984126984	
76.94643990929706	76.94643990929706	
77.08126984126984	77.08126984126984	
77.14643990929704	77.14643990929704	
77.2348299319728	77.2348299319728	
77.44643990929706	77.44643990929706	
77.56965986394557	77.56965986394557	
77.65804988662131	77.65804988662131	
77.7348299319728	77.7348299319728	
77.86965986394557	77.86965986394557	
77.9348299319728	77.9348299319728	
78.0348299319728	78.0348299319728	
78.1928798185941	78.1928798185941	
78.33482993197279	78.33482993197279	
78.56965986394557	78.56965986394557	
78.64643990929704	78.64643990929704	
78.7348299319728	78.7348299319728	
78.95804988662132	78.95804988662132	
79.0348299319728	79.0348299319728	
79.28126984126985	79.28126984126985	
79.4348299319728	79.4348299319728	
79.58126984126984	79.58126984126984	
79.7348299319728	79.7348299319728	
80.04643990929705	80.04643990929705	
80.28126984126985	80.28126984126985	
80.34643990929705	80.34643990929705	
80.4348299319728	80.4348299319728	
80.68126984126984	80.68126984126984	
80.83482993197279	80.83482993197279	
80.98126984126985	80.98126984126985	
81.15804988662131	81.15804988662131	
81.24643990929705	81.24643990929705	
81.56965986394557	81.56965986394557	
81.64643990929704	81.64643990929704	
81.7348299319728	81.7348299319728	
81.83482993197279	81.83482993197279	
81.95804988662132	81.95804988662132	
82.04643990929705	82.04643990929705	
82.13482993197279	82.13482993197279	
82.33482993197279	82.33482993197279	
82.4928798185941	82.4928798185941	
82.63482993197279	82.63482993197279	
82.75804988662132	82.75804988662132	
82.84643990929705	82.84643990929705	
82.9348299319728	82.9348299319728	
83.0928798185941	83.0928798185941	
83.15804988662131	83.15804988662131	
83.24643990929705	83.24643990929705	
83.36965986394557	83.36965986394557	
83.55804988662132	83.55804988662132	
83.68126984126984	83.68126984126984	
83.83482993197279	83.83482993197279	
83.96965986394558	83.96965986394558	
84.0348299319728	84.0348299319728	
84.13482993197279	84.13482993197279	
84.2928798185941	84.2928798185941	
84.35804988662132	84.35804988662132	
84.4348299319728	84.4348299319728	
84.58126984126984	84.58126984126984	
84.88126984126984	84.88126984126984	
85.0348299319728	85.0348299319728	
85.18126984126984	85.18126984126984	
85.24643990929705	85.24643990929705	
85.33482993197279	85.33482993197279	
85.44643990929706	85.44643990929706	
85.56965986394557	85.56965986394557	
85.64643990929704	85.64643990929704	
85.7348299319728	85.7348299319728	
86.08126984126984	86.08126984126984	
86.2348299319728	86.2348299319728	
86.36965986394557	86.36965986394557	
86.5348299319728	86.5348299319728	
86.83482993197279	86.83482993197279	
86.95804988662132	86.95804988662132	
87.13482993197279	87.13482993197279	
87.26965986394558	87.26965986394558	
87.55804988662132	87.55804988662132	
87.64643990929704	87.64643990929704	
87.85804988662132	87.85804988662132	
88.15804988662131	88.15804988662131	
88.2348299319728	88.2348299319728	
88.4348299319728	88.4348299319728	
88.5928798185941	88.5928798185941	
88.75804988662132	88.75804988662132	
89.06965986394557	89.06965986394557	
89.2348299319728	89.2348299319728	
89.54643990929705	89.54643990929705	
89.85804988662132	89.85804988662132	
90.16965986394557	90.16965986394557	
90.45804988662132	90.45804988662132	
90.5928798185941	90.5928798185941	
90.75804988662132	90.75804988662132	
90.83482993197279	90.83482993197279	
91.05804988662132	91.05804988662132	
91.13482993197279	91.13482993197279	
91.34643990929705	91.34643990929705	
91.64643990929704	91.64643990929704	
91.7928798185941	91.7928798185941	
91.9348299319728	91.9348299319728	
92.25804988662132	92.25804988662132	
92.3928798185941	92.3928798185941	
92.54643990929705	92.54643990929705	
92.7348299319728	92.7348299319728	
92.85804988662132	92.85804988662132	
92.94643990929706	92.94643990929706	
93.13482993197279	93.13482993197279	
93.45804988662132	93.45804988662132	
93.5348299319728	93.5348299319728	
93.76965986394558	93.76965986394558	
93.94643990929706	93.94643990929706	
94.06965986394557	94.06965986394557	
94.2348299319728	94.2348299319728	
94.33482993197279	94.33482993197279	
94.66965986394557	94.66965986394557	
94.83482993197279	94.83482993197279	
94.96965986394558	94.96965986394558	
95.13482993197279	95.13482993197279	
95.26965986394558	95.26965986394558	
95.56965986394557	95.56965986394557	
95.86965986394557	95.86965986394557	
96.16965986394557	96.16965986394557	
96.33482993197279	96.33482993197279	
96.46965986394558	96.46965986394558	
96.5928798185941	96.5928798185941	
96.75804988662132	96.75804988662132	
96.88126984126984	96.88126984126984	
97.06965986394557	97.06965986394557	
97.35804988662132	97.35804988662132	
97.66965986394557	97.66965986394557	
97.96965986394558	97.96965986394558	
98.13482993197279	98.13482993197279	
98.26965986394558	98.26965986394558	
98.4348299319728	98.4348299319728	
98.58126984126984	98.58126984126984	
98.7348299319728	98.7348299319728	
98.8928798185941	98.8928798185941	
99.0348299319728	99.0348299319728	
99.34643990929705	99.34643990929705	
99.4348299319728	99.4348299319728	
99.64643990929704	99.64643990929704	
99.7928798185941	99.7928798185941	
99.9348299319728	99.9348299319728	
100.0928798185941	100.0928798185941	
100.2348299319728	100.2348299319728	
100.3928798185941	100.3928798185941	
100.5348299319728	100.5348299319728	
100.68126984126984	100.68126984126984	
100.83482993197279	100.83482993197279	
100.98126984126985	100.98126984126985	
101.4348299319728	101.4348299319728	
101.74643990929705	101.74643990929705	
101.83482993197279	101.83482993197279	
101.98126984126985	101.98126984126985	
102.04643990929705	102.04643990929705	
102.1928798185941	102.1928798185941	
102.33482993197279	102.33482993197279	
102.48126984126985	102.48126984126985	
102.55804988662132	102.55804988662132	
102.63482993197279	102.63482993197279	
102.76965986394558	102.76965986394558	
102.94643990929706	102.94643990929706	
103.0928798185941	103.0928798185941	
103.24643990929705	103.24643990929705	
103.38126984126984	103.38126984126984	
103.5348299319728	103.5348299319728	
103.6928798185941	103.6928798185941	
103.84643990929705	103.84643990929705	
103.96965986394558	103.96965986394558	
104.15804988662131	104.15804988662131	
104.36965986394557	104.36965986394557	
104.44643990929706	104.44643990929706	
104.5928798185941	104.5928798185941	
104.75804988662132	104.75804988662132	
104.83482993197279	104.83482993197279	
104.98126984126985	104.98126984126985	
105.05804988662132	105.05804988662132	
105.35804988662132	105.35804988662132	
105.5348299319728	105.5348299319728	
105.65804988662131	105.65804988662131	
105.7348299319728	105.7348299319728	
105.9348299319728	105.9348299319728	
106.0928798185941	106.0928798185941	
106.15804988662131	106.15804988662131	
106.2348299319728	106.2348299319728	
106.36965986394557	106.36965986394557	
106.54643990929705	106.54643990929705	
106.68126984126984	106.68126984126984	
106.75804988662132	106.75804988662132	
106.83482993197279	106.83482993197279	
106.98126984126985	106.98126984126985	
107.13482993197279	107.13482993197279	
107.2928798185941	107.2928798185941	
107.35804988662132	107.35804988662132	
107.4348299319728	107.4348299319728	
107.58126984126984	107.58126984126984	
107.7348299319728	107.7348299319728	
107.83482993197279	107.83482993197279	
107.96965986394558	107.96965986394558	
108.04643990929705	108.04643990929705	
108.15804988662131	108.15804988662131	
108.33482993197279	108.33482993197279	
108.4348299319728	108.4348299319728	
108.58126984126984	108.58126984126984	
108.64643990929704	108.64643990929704	
108.78126984126985	108.78126984126985	
108.8928798185941	108.8928798185941	
108.95804988662132	108.95804988662132	
109.0348299319728	109.0348299319728	
109.16965986394557	109.16965986394557	
109.24643990929705	109.24643990929705	
109.33482993197279	109.33482993197279	
109.55804988662132	109.55804988662132	
109.64643990929704	109.64643990929704	
109.7928798185941	109.7928798185941	
109.85804988662132	109.85804988662132	
110.15804988662131	110.15804988662131	
110.25804988662132	110.25804988662132	
110.38126984126984	110.38126984126984	
110.45804988662132	110.45804988662132	
110.5928798185941	110.5928798185941	
110.7348299319728	110.7348299319728	
110.88126984126984	110.88126984126984	
111.0348299319728	111.0348299319728	
111.18126984126984	111.18126984126984	
111.33482993197279	111.33482993197279	
111.48126984126985	111.48126984126985	
111.55804988662132	111.55804988662132	
111.63482993197279	111.63482993197279	
111.78126984126985	111.78126984126985	
111.9348299319728	111.9348299319728	
112.08126984126984	112.08126984126984	
112.16965986394557	112.16965986394557	
112.2348299319728	112.2348299319728	
112.38126984126984	112.38126984126984	
112.5348299319728	112.5348299319728	
112.63482993197279	112.63482993197279	
112.76965986394558	112.76965986394558	
112.84643990929705	112.84643990929705	
112.98126984126985	112.98126984126985	
113.2348299319728	113.2348299319728	
113.36965986394557	113.36965986394557	
113.4348299319728	113.4348299319728	
113.58126984126984	113.58126984126984	
113.75804988662132	113.75804988662132	
113.96965986394558	113.96965986394558	
114.05804988662132	114.05804988662132	
114.1928798185941	114.1928798185941	
114.33482993197279	114.33482993197279	
114.4928798185941	114.4928798185941	
114.56965986394557	114.56965986394557	
114.63482993197279	114.63482993197279	
114.7348299319728	114.7348299319728	
114.95804988662132	114.95804988662132	
115.13482993197279	115.13482993197279	
115.25804988662132	115.25804988662132	
115.33482993197279	115.33482993197279	
115.54643990929705	115.54643990929705	
115.63482993197279	115.63482993197279	
115.76965986394558	115.76965986394558	
115.84643990929705	115.84643990929705	
115.9928798185941	115.9928798185941	
116.16965986394557	116.16965986394557	
116.24643990929705	116.24643990929705	
116.45804988662132	116.45804988662132	
116.5928798185941	116.5928798185941	
116.83482993197279	116.83482993197279	
117.05804988662132	117.05804988662132	
117.18126984126984	117.18126984126984	
117.36965986394557	117.36965986394557	
117.66965986394557	117.66965986394557	
117.7348299319728	117.7348299319728	
117.95804988662132	117.95804988662132	
118.13482993197279	118.13482993197279	
118.2348299319728	118.2348299319728	
120.16965986394557	120.16965986394557	
120.33482993197279	120.33482993197279	
120.4348299319728	120.4348299319728	
120.64643990929704	120.64643990929704	
120.78126984126985	120.78126984126985	
120.88126984126984	120.88126984126984	
120.9348299319728	120.9348299319728	
121.0928798185941	121.0928798185941	
121.15804988662131	121.15804988662131	
121.2348299319728	121.2348299319728	
121.38126984126984	121.38126984126984	
121.54643990929705	121.54643990929705	
121.6928798185941	121.6928798185941	
121.74643990929705	121.74643990929705	
121.83482993197279	121.83482993197279	
121.96965986394558	121.96965986394558	
122.0348299319728	122.0348299319728	
122.2928798185941	122.2928798185941	
122.35804988662132	122.35804988662132	
122.4348299319728	122.4348299319728	
122.58126984126984	122.58126984126984	
122.65804988662131	122.65804988662131	
122.7928798185941	122.7928798185941	
122.86965986394557	122.86965986394557	
123.04643990929705	123.04643990929705	
123.1928798185941	123.1928798185941	
123.33482993197279	123.33482993197279	
123.4348299319728	123.4348299319728	
123.55804988662132	123.55804988662132	
123.63482993197279	123.63482993197279	
123.78126984126985	123.78126984126985	
124.0348299319728	124.0348299319728	
124.24643990929705	124.24643990929705	
124.3928798185941	124.3928798185941	
124.54643990929705	124.54643990929705	
124.76965986394558	124.76965986394558	
124.83482993197279	124.83482993197279	
124.98126984126985	124.98126984126985	
125.13482993197279	125.13482993197279	
125.26965986394558	125.26965986394558	
125.55804988662132	125.55804988662132	
125.63482993197279	125.63482993197279	
125.83482993197279	125.83482993197279	
125.95804988662132	125.95804988662132	
126.0348299319728	126.0348299319728	
126.18126984126984	126.18126984126984	
126.33482993197279	126.33482993197279	
126.48126984126985	126.48126984126985	
126.63482993197279	126.63482993197279	
126.7348299319728	126.7348299319728	
126.86965986394557	126.86965986394557	
126.9348299319728	126.9348299319728	
127.06965986394557	127.06965986394557	
127.2348299319728	127.2348299319728	
127.36965986394557	127.36965986394557	
127.4348299319728	127.4348299319728	
127.58126984126984	127.58126984126984	
127.65804988662131	127.65804988662131	
127.76965986394558	127.76965986394558	
127.83482993197279	127.83482993197279	
127.98126984126985	127.98126984126985	
128.05804988662132	128.05804988662132	
128.13482993197277	128.13482993197277	
128.28126984126982	128.28126984126982	
128.43482993197279	128.43482993197279	
128.53482993197278	128.53482993197278	
128.66965986394558	128.66965986394558	
128.73482993197277	128.73482993197277	
128.88126984126984	128.88126984126984	
128.98126984126984	128.98126984126984	
129.03482993197278	129.03482993197278	
129.13482993197277	129.13482993197277	
129.34643990929706	129.34643990929706	
129.4928798185941	129.4928798185941	
129.63482993197277	129.63482993197277	
129.73482993197277	129.73482993197277	
129.93482993197279	129.93482993197279	
130.23482993197277	130.23482993197277	
130.38126984126984	130.38126984126984	
130.53482993197278	130.53482993197278	
130.6580498866213	130.6580498866213	
130.7580498866213	130.7580498866213	
130.93482993197279	130.93482993197279	
131.13482993197277	131.13482993197277	
131.2928798185941	131.2928798185941	
131.35804988662133	131.35804988662133	
131.43482993197279	131.43482993197279	
131.53482993197278	131.53482993197278	
131.68126984126982	131.68126984126982	
131.73482993197277	131.73482993197277	
131.8348299319728	131.8348299319728	
131.9696598639456	131.9696598639456	
132.03482993197278	132.03482993197278	
132.18126984126982	132.18126984126982	
132.26965986394558	132.26965986394558	
132.3348299319728	132.3348299319728	
132.48126984126984	132.48126984126984	
132.55804988662132	132.55804988662132	
132.73482993197277	132.73482993197277	
132.9928798185941	132.9928798185941	
133.05804988662132	133.05804988662132	
133.13482993197277	133.13482993197277	
133.23482993197277	133.23482993197277	
133.35804988662133	133.35804988662133	
133.53482993197278	133.53482993197278	
133.66965986394558	133.66965986394558	
133.7580498866213	133.7580498866213	
133.8348299319728	133.8348299319728	
133.9696598639456	133.9696598639456	
134.13482993197277	134.13482993197277	
134.28126984126982	134.28126984126982	
134.35804988662133	134.35804988662133	
134.43482993197279	134.43482993197279	
134.58126984126983	134.58126984126983	
135.03482993197278	135.03482993197278	
135.1580498866213	135.1580498866213	
135.3348299319728	135.3348299319728	
135.4696598639456	135.4696598639456	
135.63482993197277	135.63482993197277	
135.78126984126982	135.78126984126982	
135.93482993197279	135.93482993197279	
136.0928798185941	136.0928798185941	
136.23482993197277	136.23482993197277	
136.38126984126984	136.38126984126984	
136.53482993197278	136.53482993197278	
136.68126984126982	136.68126984126982	
136.8348299319728	136.8348299319728	
136.98126984126984	136.98126984126984	
137.13482993197277	137.13482993197277	
137.28126984126982	137.28126984126982	
137.43482993197279	137.43482993197279	
137.55804988662132	137.55804988662132	
137.73482993197277	137.73482993197277	
137.88126984126984	137.88126984126984	
138.03482993197278	138.03482993197278	
138.1580498866213	138.1580498866213	
138.3348299319728	138.3348299319728	
138.48126984126984	138.48126984126984	
138.63482993197277	138.63482993197277	
138.93482993197279	138.93482993197279	
139.0696598639456	139.0696598639456	
139.14643990929704	139.14643990929704	
139.35804988662133	139.35804988662133	
139.66965986394558	139.66965986394558	
139.8348299319728	139.8348299319728	
140.2928798185941	140.2928798185941	
140.35804988662133	140.35804988662133	
140.43482993197279	140.43482993197279	
140.58126984126983	140.58126984126983	
140.73482993197277	140.73482993197277	
140.8348299319728	140.8348299319728	
141.03482993197278	141.03482993197278	
141.34643990929706	141.34643990929706	
141.53482993197278	141.53482993197278	
141.64643990929704	141.64643990929704	
141.7928798185941	141.7928798185941	
141.93482993197279	141.93482993197279	
142.23482993197277	142.23482993197277	
142.3348299319728	142.3348299319728	
142.53482993197278	142.53482993197278	
142.76965986394558	142.76965986394558	
142.8348299319728	142.8348299319728	
142.9928798185941	142.9928798185941	
143.13482993197277	143.13482993197277	
143.2928798185941	143.2928798185941	
143.43482993197279	143.43482993197279	
143.53482993197278	143.53482993197278	
143.73482993197277	143.73482993197277	
143.95804988662132	143.95804988662132	
144.03482993197278	144.03482993197278	
144.18126984126982	144.18126984126982	
144.3348299319728	144.3348299319728	
144.63482993197277	144.63482993197277	
144.73482993197277	144.73482993197277	
144.93482993197279	144.93482993197279	
145.03482993197278	145.03482993197278	
145.16965986394558	145.16965986394558	
145.23482993197277	145.23482993197277	
145.3348299319728	145.3348299319728	
145.63482993197277	145.63482993197277	
145.8348299319728	145.8348299319728	
145.94643990929706	145.94643990929706	
146.13482993197277	146.13482993197277	
146.3696598639456	146.3696598639456	
146.43482993197279	146.43482993197279	
146.5696598639456	146.5696598639456	
146.85804988662133	146.85804988662133	
147.03482993197278	147.03482993197278	
147.3348299319728	147.3348299319728	
147.4696598639456	147.4696598639456	
147.8348299319728	147.8348299319728	
147.94643990929706	147.94643990929706	
148.44643990929706	148.44643990929706	
149.73482993197277	149.73482993197277	
149.88126984126984	149.88126984126984	
150.03482993197278	150.03482993197278	
150.16965986394558	150.16965986394558	
150.3348299319728	150.3348299319728	
150.48126984126984	150.48126984126984	
150.63482993197277	150.63482993197277	
150.73482993197277	150.73482993197277	
150.8696598639456	150.8696598639456	
150.93482993197279	150.93482993197279	
151.08126984126983	151.08126984126983	
151.23482993197277	151.23482993197277	
151.35804988662133	151.35804988662133	
151.44643990929706	151.44643990929706	
151.53482993197278	151.53482993197278	
151.64643990929704	151.64643990929704	
151.95804988662132	151.95804988662132	
152.13482993197277	152.13482993197277	
152.2928798185941	152.2928798185941	
152.35804988662133	152.35804988662133	
152.43482993197279	152.43482993197279	
152.55804988662132	152.55804988662132	
152.73482993197277	152.73482993197277	
152.88126984126984	152.88126984126984	
153.3348299319728	153.3348299319728	
153.4696598639456	153.4696598639456	
153.54643990929705	153.54643990929705	
153.74643990929704	153.74643990929704	
153.8348299319728	153.8348299319728	
154.05804988662132	154.05804988662132	
154.23482993197277	154.23482993197277	
154.3696598639456	154.3696598639456	
154.53482993197278	154.53482993197278	
154.68126984126982	154.68126984126982	
154.8348299319728	154.8348299319728	
154.98126984126984	154.98126984126984	
155.13482993197277	155.13482993197277	
155.2928798185941	155.2928798185941	
155.43482993197279	155.43482993197279	
155.53482993197278	155.53482993197278	
155.88126984126984	155.88126984126984	
156.03482993197278	156.03482993197278	
156.18126984126982	156.18126984126982	
156.3348299319728	156.3348299319728	
156.48126984126984	156.48126984126984	
156.63482993197277	156.63482993197277	
156.7580498866213	156.7580498866213	
157.08126984126983	157.08126984126983	
157.23482993197277	157.23482993197277	
157.53482993197278	157.53482993197278	
157.68126984126982	157.68126984126982	
157.8348299319728	157.8348299319728	
157.98126984126984	157.98126984126984	
158.13482993197277	158.13482993197277	
158.26965986394558	158.26965986394558	
